Wall
0.935
4.530
0.132
0.439
6.171
1.093
0.047
29.14

1.90s

3m

0.668
0.373
1.191
0.468
1.950
0.140
0.402
2.056
0.323
15.125
4.343
0.046
2.227
0.017
1.138
0.104


1.19s


4km

0.097
8.885
0.061
4.482
5.546
0.068
1.061
0.053
2.206
0.074

2.25s

8km

0.135
3.250
3.351
0.023
0.136
2.148
3.350
0.013


15km

0.995


30km
0ro




90 angle
0.226
18.877
0.353
6.426
4.521
0.115

5.086

180 angle

0.394
5.242
0.494
11.915
0.07
1.08
0.082

2.75s

far away

1.088
1.137
0.059
1.041
0.181
0.941
0.095
1.022
0.362
27.736
0.431

3.09s
