9.094179314942828 -91 -59 44403 1533112409919 '17:33:29'

9.094179314942828 -91 -59 0 1533112409919 '17:33:29'

9.094179314942828 -91 -59 0 1533112409919 '17:33:29'

9.094179314942828 -91 -59 0 1533112409919 '17:33:29'

9.094179314942828 -91 -59 405 1533112410324 '17:33:30'

6.556835897897102 -82 -59 8587 1533112418911 '17:33:38'

6.556835897897102 -82 -59 1245 1533112420156 '17:33:40'

5.449526601357592 -81 -59 2237 1533112422393 '17:33:42'

5.449526601357592 -81 -59 90 1533112422483 '17:33:42'

4.99582790726828 -80 -59 1017 1533112423500 '17:33:43'

4.99582790726828 -80 -59 36 1533112423536 '17:33:43'

5.058350693987594 -86 -59 1096 1533112424632 '17:33:44'

4.782806934586379 -79 -59 1144 1533112425776 '17:33:45'



8km

0.405
8.587
1.245
2.237
0.09
1.017
0.036
1.096
1.144

1.76s







15km

7.3189471542690265 -88 -59 90813 1533112516589 '17:35:16'

9.425722631596747 -95 -59 7906 1533112524495 '17:35:24'

9.425722631596747 -95 -59 248 1533112524743 '17:35:24'

7.730060676211744 -84 -59 950 1533112525693 '17:35:25'

5.9422922101664675 -72 -59 1098 1533112526791 '17:35:26'

5.9422922101664675 -72 -59 118 1533112526909 '17:35:26'

2.54s






2.77s 90 angle
